1
1
2
3
5
8
13
21
34


1 -> 1
2 -> 2*{(1)}+3 -> 5
3 -> 2*{(5)}+3 -> 13
// 4 -> 2*{(13)}+3 -> 29
// 5 -> 2*{(29)}+3 -> 61
// 6 -> 2*{(61)}+3 -> 125
// 7 -> 2*{(125)}+3 -> 253
// 8 -> 2*{(253)}+3 -> 509
// 9 -> 2*{(509)}+3 -> 1021
// 10 -> 2*{(1021)}+3 -> 2045
// 11 -> 2*{(2045)}+3 -> 4093
// 12 -> 2*{(4093)}+3 -> 8189


total: 10
max: 2
output: 

1 1 1 1 1 1 1 1 1 1
1 1 1 1 1 1 1 1 2
1 1 1 1 1 1 1 2 1


total: 8
max: 2
output: 34

1 1 1 1 1 1 1 1
1 1 1 1 1 1 2
1 1 1 1 1 2 1
1 1 1 1 2 1 1
1 1 1 2 1 1 1
1 1 2 1 1 1 1
1 2 1 1 1 1 1
2 1 1 1 1 1 1
1 1 1 1 2 2
1 1 1 2 1 2
1 1 2 1 1 2
1 2 1 1 1 2
2 1 1 1 1 2
1 1 1 2 2 1
1 1 2 1 2 1
1 2 1 1 2 1
2 1 1 1 2 1
1 1 2 2 1 1
1 2 1 2 1 1
2 1 1 2 1 1
1 2 2 1 1 1
2 1 2 1 1 1
2 2 1 1 1 1
1 1 2 2 2
1 2 1 2 2
1 2 2 1 2
1 2 2 2 1
2 1 1 2 2
2 1 2 1 2
2 1 2 2 1
2 2 1 1 2
2 2 1 2 1
2 2 2 1 1
2 2 2 2


total: 7
max: 2
output: 21

1 1 1 1 1 1 1
1 1 1 1 1 2
1 1 1 1 2 1
1 1 1 2 1 1
1 1 2 1 1 1
1 2 1 1 1 1
2 1 1 1 1 1
1 1 1 2 2
1 1 2 1 2
1 2 1 1 2
2 1 1 1 2
1 1 2 2 1
1 2 1 2 1
2 1 1 2 1
1 2 2 1 1
2 1 2 1 1
2 2 1 1 1
1 2 2 2
2 1 2 2
2 2 1 2
2 2 2 1


total: 6
max: 1
output: 1

1 1 1 1 1 1


total: 6
max: 2
output: 13

1 1 1 1 1 1
1 1 1 1 2
1 1 1 2 1
1 1 2 1 1
1 2 1 1 1
2 1 1 1 1
1 1 2 2
1 2 1 2
2 1 1 2
1 2 2 1
2 1 2 1
2 2 1 1
2 2 2


total: 6
max: 3
output: 24

1 1 1 1 1 1
1 1 1 1 2
1 1 1 2 1
1 1 2 1 1
1 2 1 1 1
2 1 1 1 1
1 1 2 2
1 2 1 2
2 1 1 2
1 2 2 1
2 1 2 1
2 2 1 1
2 2 2
3 3
1 1 1 3
1 1 3 1
1 3 1 1
3 1 1 1
1 2 3
1 3 2
2 1 3
2 3 1
3 2 1
3 1 2


total: 5
max: 1
output: 1

1 1 1 1 1


total: 5
max: 2
output: 8

1 2 2
2 2 1
2 1 2
1 1 1 2
1 1 2 1
1 2 1 1
2 1 1 1
1 1 1 1 1


total: 5
max: 3
output: 13

3 2
3 1 1
1 3 1
2 3
1 1 3
1 1 1 2
1 1 2 1
1 2 1 1
2 1 1 1
2 2 1
2 1 2
1 2 2
1 1 1 1 1


total: 5
max: 4
output: 15

4 1
1 4
3 2
3 1 1
1 3 1
2 3
1 1 3
1 1 1 2
1 1 2 1
1 2 1 1
2 1 1 1
2 2 1
2 1 2
1 2 2
1 1 1 1 1


total: 5
max: 5
output: 16
5
4 1
1 4
3 2
3 1 1
1 3 1
2 3
1 1 3
1 1 1 2
1 1 2 1
1 2 1 1
2 1 1 1
2 2 1
2 1 2
1 2 2
1 1 1 1 1


total: 4
max: 1
output: 1

1 1 1 1


total: 4
max: 2
output: 5

1 1 1 1
2 1 1
1 2 1
1 1 2
2 2


total: 4
max: 3
output: 7

1 1 1 1
2 1 1
1 2 1
1 1 2
2 2
1 3
3 1


total: 4
max: 4
output: 8

1 1 1 1
2 1 1
1 2 1
1 1 2
2 2
1 3
3 1
4


total: 3
max: 1
output: 1

1 1 1


total: 3
max: 2
output: 3

1 1 1
1 2
2 1


total: 3
max: 3
output: 4

1 1 1
1 2
2 1
3


total: 5
max: 3
output: 13

1 1 1 1 1
1 1 1 2
1 1 2 1
1 2 1 1
2 1 1 1
2 2 1
2 1 2
1 2 2
3 2
2 3
3 1 1
1 3 1
1 1 3

total: 5
max: 2
output: 8

1 1 1 1 1
1 1 1 2
1 1 2 1
1 2 1 1
2 1 1 1
2 2 1
2 1 2
1 2 2

total: 5
max: 1
output: 1

1 1 1 1 1



MAOGE'S TOWER:
